[[438210.1832293333, -6219267.715873645, 3024956.2688095495, -0.996973559785132, -0.04218378174386844, 0.06530122240163477, -0.029859654043713213, -0.5677675448768196, -0.8226472002291982, -0.07177828466710429, 0.8221073795693203, -0.56478963721718], [443452.1491106511, -6216784.99372217, 3029287.9082672885, -0.9939576541656812, -0.0687123633101484, 0.08559668716597915, -0.025220617462024697, -0.6159915406685914, -0.7873489329894147, -0.10682744113892517, 0.7847502997470404, -0.6105365385189], [448693.9498405427, -6214295.637902634, 3033615.9166920236, -0.98981551154886, -0.09496761687669569, 0.10604906808656833, -0.016815239417807215, -0.6617435676869567, -0.7495416588477654, -0.14135947375606028, 0.743691200949493, -0.6534071447495127], [453935.58014391875, -6211799.6512912465, 3037940.2888658713, -0.98455212844638, -0.12091767435924461, 0.12663341738757172, -0.004702443548765534, -0.7047187835759144, -0.7094711573418293, -0.17502855023216618, 0.6991068245288666, -0.6932637697880879], [459177.03474537254, -6209297.036771422, 3042261.01957524, -0.9781738644299605, -0.1465310391224468, 0.14732462631839, 0.01102845639733463, -0.744626089953416, -0.6673907096373003, -0.2074952146331316, 0.6511993863129657, -0.7299897911409222], [464418.3083691691, -6206787.79723379, 3046578.1036108383, -0.9706884344309314, -0.17177662420100698, 0.16809745578126195, 0.030258416731173243, -0.7811902652678966, -0.6235592976354343, -0.23842900720958835, 0.6001954355281115, -0.7634900442653267], [469659.3957392856, -6204271.935576182, 3050891.53576768, -0.9621048993921097, -0.19662379002235753, 0.18892656711786848, 0.052839547427904865, -0.814153998858157, -0.5782397844933246, -0.2675110180783453, 0.5463445353808494, -0.7936910632394516], [474900.29157937627, -6201749.454703632, 3055201.310845092, -0.9524336552832868, -0.22104238158507872, 0.20978655301738075, 0.07859621270122163, -0.8432798113380624, -0.5316970896466022, -0.29443635582709915, 0.4899177740527885, -0.8205411671783562], [480140.9906128192, -6199220.357528376, 3059507.423646719, -0.9416864204936362, -0.24500276504797314, 0.23065196850824973, 0.10732634048072387, -0.8683518472117171, -0.4841963714062866, -0.31891651273789284, 0.4312061161009275, -0.8440103929100962], [485381.487562679, -6196684.646969845, 3063809.8689805306, -0.9298762216163377, -0.26847586368537757, 0.2514973619959352, 0.13880293119134457, -0.8891775265117257, -0.436001230089068, -0.3406816090798193, 0.3705186054233714, -0.8640902755325426], [490621.7771517486, -6194142.325954659, 3068108.6416588286, -0.9170173776426521, -0.29143319316511024, 0.2722973063087126, 0.172775754767084, -0.9055890432364657, -0.3873719444341924, -0.3594824998050082, 0.3081804320388465, -0.8807934795639056], [495861.8541025562, -6191593.397416628, 3072403.736498253, -0.9031254825846355, -0.31384689610623473, 0.29302642971368886, 0.20897322344545421, -0.9174446994350034, -0.33856375376202436, -0.3750927279874743, 0.24453087593001163, -0.8941532844696238], [501101.71313730325, -6189037.864296752, 3076695.148319786, -0.8882173865475764, -0.33568977587471016, 0.3136594468651951, 0.24710442659399534, -0.9246300649426139, -0.2898251979415706, -0.38731031046467895, 0.17992114210788202, -0.9042229293876314], [506341.3489779873, -6186475.729543203, 3080982.871948763, -0.8723111752751243, -0.35693532957596685, 0.3341711896478028, 0.2868613126255201, -0.9270589539975875, -0.24139652675973347, -0.39595934236850067, 0.11471210186111573, -0.9110748228755472], [511580.7563462713, -6183906.996111344, 3085266.902214875, -0.8554261481919548, -0.3775577802043193, 0.35453663787634504, 0.3279210019728444, -0.924674211262294, -0.19350818972741274, -0.4008914085567331, 0.049271955853624066, -0.9147996244597815], [516819.9299636176, -6181331.666963704, 3089547.2339521768, -0.8375827949706112, -0.3975321079102928, 0.37473094981548943, 0.36994821412506174, -0.9174483011189806, -0.14637941672098004, -0.4019867913686931, -0.016026164678302257, -0.9155052056710586], [522058.86455121025, -6178749.745069989, 3093823.861999093, -0.8188027706509875, -0.41683408034786873, 0.3947294924816403, 0.41259779088241927, -0.9053836955039191, -0.10021689914687362, -0.3991554656186161, -0.0808066419065526, -0.9133154990968743], [527297.5548299742, -6176161.23340707, 3098096.7811984248, -0.7991088693426627, -0.4354402820648847, 0.41450787169020653, 0.4555172972723307, -0.8885130569721247, -0.055213580537409074, -0.39233787329749636, -0.14469384349481998, -0.908369244762885], [532535.9955206122, -6173566.1349589825, 3102365.986397356, -0.7785249965420142, -0.4533281429009343, 0.4340419618115816, 0.49834968098976606, -0.8668992151387671, -0.011547564643160257, -0.3815054720664631, -0.20731460548108888, -0.9008186438665474], [537774.1813435678, -6170964.45271693, 3106631.472447458, -0.7570761400977435, -0.47047596535830816, 0.4533079351995397, 0.5407359707857176, -0.8406349361120581, 0.030618851812305725, -0.36666105328099646, -0.2683007085492774, -0.8908279305224024], [543012.1070190667, -6168356.189679265, 3110893.2342047, -0.7347883398600631, -0.4868629509128105, 0.4722822912561545, 0.5823179939308348, -0.809842486005228, 0.0711400154993021, -0.34783882697315593, -0.32729133029969343, -0.8785718727347218], [548249.7672671092, -6165741.348851499, 3115151.2665294507, -0.711688656050424, -0.502469225232527, 0.4909418850977837, 0.6227410927297407, -0.7746729910816265, 0.10988761674736142, -0.3251042729262567, -0.38393545627210635, -0.8642342142858148], [553487.1568074559, -6163119.933246299, 3119405.564286488, -0.687805136390196, -0.5172758622739736, 0.5092639557871548, 0.6616568200562656, -0.7353055985363698, 0.1467512495146181, -0.2985537586906161, -0.43789423274323697, -0.8480060696138426], [558724.2703596721, -6160491.945883469, 3123656.122345004, -0.6631667820282289, -0.5312649072264157, 0.5272261540971119, 0.6987255940208403, -0.6919464433398751, 0.18163882792377, -0.2683139270976209, -0.48884324471041346, -0.8300842840497871], [563961.1026430903, -6157857.389789966, 3127902.935578612, -0.6378035123086965, -0.544419398276532, 0.544806569772162, 0.7336192921675883, -0.6448274279528464, 0.21447685730456806, -0.23454085752000153, -0.5364747029822897, -0.8106697719872419], [569197.648376854, -6155216.267999886, 3132145.9988653506, -0.6117461284220129, -0.5567233871670533, 0.5619837582545619, 0.7660237660282683, -0.5942048230587145, 0.24521055877272288, -0.19741900678644722, -0.580499524922291, -0.7899658456695755], [574433.9022799054, -6152568.583554457, 3136385.3070876934, -0.5850262759829911, -0.5681619585244487, 0.5787367668423498, 0.7956412574299457, -0.5403576987386712, 0.2738038474695756, -0.15715993727654756, -0.6206492941263291, -0.7681765472960767], [579669.8590709738, -6149914.33950205, 3140620.855132554, -0.5576764065817076, -0.5787212479322388, 0.5950451602474103, 0.8221926986590725, -0.4835861967269146, 0.3002391656778133, -0.1140008412856042, -0.6566780851581313, -0.7455049970719341], [584905.5134686232, -6147253.538898154, 3144852.637891291, -0.5297297383537809, -0.5883884587280455, 0.6108890455224012, 0.8454198794214186, -0.42420965552085205, 0.324517173107918, -0.06820287224676969, -0.6883641404071797, -0.7221517696570269], [590140.8601912094, -6144586.184805397, 3149080.650259716, -0.5012202156179864, -0.5971518775040097, 0.6262490963261312, 0.865087464498884, -0.36256460117458866, 0.34665629770999973, -0.02004929481931511, -0.715511387169029, -0.6983133112068682], [595375.8939569293, -6141912.28029352, 3153304.887138099, -0.47218246763023464, -0.6050008882918261, 0.6411065764977956, 0.880984847083802, -0.29900261756634766, 0.36669215139842104, 0.030156532813844672, -0.7379507841682763, -0.6741804088477161], [600610.6094837869, -6139231.828439389, 3157525.3434311748, -0.4426517665040496, -0.6119259854151968, 0.6554433629113083, 0.8929278239609173, -0.23388811079473337, 0.3846768160746007, 0.08209332985855783, -0.7555414879425955, -0.6499367239895152], [605845.001489633, -6136544.832326985, 3161742.0140481503, -0.41266398434865914, -0.6179187849941568, 0.6692419675818565, 0.9007600799983158, -0.16759598311852403, 0.4006780062892936, 0.1354242013191047, -0.7681718307734802, -0.6257574003583194], [611079.0646921542, -6133851.295047399, 3165954.8939027092, -0.38225554967680214, -0.6229720350873438, 0.6824855589977118, 0.9043544707917068, -0.10050923250466143, 0.41477811579249924, 0.18979906717457246, -0.775760103176528, -0.6018077570281103], [616312.7938088642, -6131151.219698833, 3170163.9779130192, -0.35146340313521557, -0.6270796244599428, 0.6951579826512747, 0.9036140937716219, -0.0330164943844265, 0.42707315607030766, 0.24485719469499606, -0.778255135341708, -0.5782420760549656], [621546.1835571454, -6128444.609386595, 3174369.2610017383, -0.3203249526115971, -0.6302365899667103, 0.7072437807443137, 0.8984731396196614, 0.034490457365319416, 0.43767159575727493, 0.3002298155020025, -0.7756366733322141, -0.5552024935694811], [626779.2286542126, -6125731.467223093, 3178570.738096021, -0.28887802777261423, -0.6324391225411519, 0.7187282110433557, 0.8888975174366742, 0.10161923290350872, 0.4466931105345365, 0.35554280834397695, -0.7679155472989723, -0.532818002371727], [632011.9238171533, -6123011.796327831, 3182768.4041275247, -0.25716083408819307, -0.6336845717836346, 0.7295972648622364, 0.8748852487511664, 0.16797935488479282, 0.45426725377259847, 0.4104194280594844, -0.7551336304362827, -0.5112035732029316], [637244.2637629197, -6120285.599827413, 3186962.254032415, -0.22521190639797775, -0.6339714491429016, 0.7398376841498667, 0.8564666271382597, 0.233184775366988, 0.4605320587488571, 0.46448306084829616, -0.7373635888818328, -0.49045940094599216], [642476.2432083162, -6117552.880855529, 3191152.2827513735, -0.19307006207638755, -0.6332994296871738, 0.7494369776623784, 0.8337041419260074, 0.2968563637133334, 0.46563258375925193, 0.5173599857596638, -0.714708424240821, -0.4706702810396711], [647707.856870044, -6114813.642552954, 3195338.485229603, -0.16077435385319036, -0.6316693524627353, 0.7583834361999202, 0.8066921661843467, 0.3586243482398068, 0.4697194118475204, 0.5686821222439614, -0.6873008118785275, -0.4519051203861509], [652939.0994646633, -6112067.888067555, 3199520.856416834, -0.1283640223469489, -0.6290832194396034, 0.7666661468895153, 0.775556410909972, 0.418130694683868, 0.4729471171913714, 0.6180897436969448, -0.6553022395678881, -0.4342165859959239], [658169.9657086324, -6109315.620554273, 3203699.3912673313, -0.09587844836901702, -0.6255441930456193, 0.7742750064965647, 0.7404531490254247, 0.47503140501806085, 0.47547271041028144, 0.665234137155244, -0.618901952488011, -0.41764089355551115], [663400.4503183032, -6106556.843175125, 3207874.0847398993, -0.06335710505607153, -0.6210565922919808, 0.7812007337487508, 0.7015682144903174, 0.5289987206964986, 0.4774540751929303, 0.7097801896754955, -0.5783157119360848, -0.4021977370300305], [668630.5480099063, -6103791.559099203, 3212044.9317978895, -0.030839509889361405, -0.6156258874949795, 0.7874348806573168, 0.6591157834646181, 0.5797232151005042, 0.4790484086826271, 0.7514088824452413, -0.5337843764288661, -0.38789035933217], [673860.2534995952, -6101019.771502666, 3216211.927409206, 0.0016348233410138913, -0.6092586936003819, 0.7929698428219069, 0.6133369460563434, 0.62691576073657, 0.4804106780061887, 0.7898196743275783, -0.4855723151214901, -0.37470576300963726], [679089.5615034078, -6098241.483568737, 3220375.066546311, 0.034026432568388276, -0.6019627621186062, 0.7977988687063974, 0.5644980787172909, 0.6703093576296715, 0.48169210518606675, 0.8247327573287947, -0.43396566465175074, -0.36261505883265255], [684318.4667373158, -6095456.698487707, 3224534.344186234, 0.06629595542000838, -0.5937469716805268, 0.801916067874408, 0.512889028809365, 0.7096608103415007, 0.48303869243822595, 0.8558911673933403, -0.37927044161870604, -0.3515739491094541], [689546.9639171883, -6092665.419456918, 3228689.755310572, 0.09840417706737292, -0.5846213172254124, 0.8053164181744447, 0.45882112424006666, 0.7447522421191183, 0.48458979953113723, 0.883062734966647, -0.3218105239176776, -0.3415233415288851], [694775.0477588301, -6089867.649680771, 3232841.294905504, 0.13031207789828497, -0.5745968978341646, 0.807995771865909, 0.40262502234869224, 0.7753924358372413, 0.4864767844667459, 0.9060418609162307, -0.2619255150720227, -0.3323900883325332], [700002.7129779783, -6087063.392370712, 3236988.95796179, 0.16198088095264565, -0.5636859032226677, 0.8099508606785047, 0.3446484134054949, 0.8014179926284283, 0.48882171824551335, 0.9246511046567135, -0.19996850651906745, -0.32408784466198937], [705229.9542902838, -6084252.650745236, 3241132.73947478, 0.19337209906432973, -0.5519015989116876, 0.8111792997988656, 0.2852535951557529, 0.8226943003909966, 0.49173618389832424, 0.938742572675903, -0.13630375351725044, -0.3165180390166345], [710456.7664113588, -6081435.428029887, 3245272.634444421, 0.2244475816518358, -0.5392583100913607, 0.8116795907795469, 0.2248149357916459, 0.8391163057152413, 0.49532016931254086, 0.9481990970970395, -0.07130428093891544, -0.30957094790070916], [715683.1440567394, -6078611.727457241, 3249408.6378752626, 0.25516956110081135, -0.5257714041998991, 0.8114511233668271, 0.16371624356010683, 0.8506090841646483, 0.4996610626526204, 0.9529351954263139, -0.005349435694011528, -0.30312686594158644], [720909.0819419262, -6075781.552266912, 3253540.7447764617, 0.28550069868207906, -0.5114572722377015, 0.8104941762450946, 0.10234806190827583, 0.8571282052803432, 0.5048327583829298, 0.9528978042138958, 0.061177597109297654, -0.29705736203007677], [726134.5747823762, -6072944.905705545, 3257668.950161791, 0.3154041299493223, -0.4963333088395875, 0.8088099166969072, 0.04110490962488844, 0.8586598901335452, 0.5108948810475382, 0.9480667809894201, 0.12789229692282134, -0.29122661137362454], [731359.6172934886, -6070101.791026817, 3261793.249049643, 0.34484350956123766, -0.4804178911293868, 0.8064003991791431, -0.019617514148339843, 0.8552209607219404, 0.5178921330552154, 0.9384551705074295, 0.1944113119770397, -0.28549279276934103], [736584.2041906517, -6067252.211491423, 3265913.6364630386, 0.373783055473665, -0.4637303563825843, 0.8032685628169777, -0.07942513988950184, 0.8468585819809528, 0.5258537717643028, 0.9241092330424496, 0.26035494751298993, -0.2797095399002404], [741808.3301892029, -6064396.170367084, 3270030.10742963, 0.40218759244794505, -0.4462909785241762, 0.7994182278187426, -0.13792833238182467, 0.8336497986493079, 0.5347932201686343, 0.9051082341948362, 0.3253496207157795, -0.27372743503858693], [747031.9900044774, -6061533.670928537, 3274142.6569817113, 0.43002259482261856, -0.4281209434902977, 0.794854090816044, -0.1947446698611302, 0.8157008706794879, 0.544707814459647, 0.8815639973948017, 0.3890302652978341, -0.26739553320800896], [752255.1783517711, -6058664.716457529, 3278251.2801562194, 0.45725422849644304, -0.4092423234835687, 0.7895817191348172, -0.2495016775430124, 0.7931464123071681, 0.5555786906888087, 0.8536202220105531, 0.45104266906140766, -0.2605629046134852], [757477.8899463835, -6055789.310242819, 3282355.971994744, 0.48384939207168814, -0.3896780501534365, 0.7836075440043145, -0.30183949576107594, 0.7661483412793553, 0.5673708116863184, 0.8214515716647922, 0.5110457282704829, -0.25308018299727586], [762700.119503606, -6052907.455580169, 3286456.7275435333, 0.509775757107669, -0.36945188673411117, 0.7769388527123023, -0.3514134634046908, 0.7348946460786666, 0.580033134314611, 0.7852625390296057, 0.568713603278062, -0.24480110752049317], [767921.8617387137, -6050019.155772348, 3290553.5418534977, 0.5350018074355668, -0.34858839917393897, 0.7695837797160405, -0.3978965979420751, 0.6995979802614416, 0.5934989160564947, 0.7452860949909096, 0.6237377605816905, -0.2355840458047589], [773143.111367005, -6047124.4141291175, 3294646.409980219, 0.559496877486735, -0.32711292629129285, 0.7615512967198867, -0.44098195404771623, 0.6604940942409642, 0.607686158865797, 0.7017821316383397, 0.6758288873124291, -0.22529348589604775], [778363.8631037656, -6044223.233967232, 3298735.326983954, 0.5832311895878598, -0.305051548993239, 0.7528512017316271, -0.48038484371691337, 0.6178401159852601, 0.6224981871510928, 0.6550357100334351, 0.7247186650943561, -0.21380148513246522], [783584.1116643132, -6041315.618610443, 3302820.2879296425, 0.6061758901776388, -0.282431058594365, 0.7434941071108859, -0.5158449017384339, 0.5719126931535947, 0.6378243557283368, 0.605355125127237, 0.7701613912363232, -0.20098906420777896], [788803.8517639834, -6038401.571389482, 3306901.287886912, 0.6283030849009078, -0.25927892427426225, 0.7334914266241864, -0.5471279815016301, 0.5230060101593593, 0.6535408825736462, 0.5530698015277591, 0.8119354363275257, -0.18674753512074982], [794023.0781181217, -6035481.095642066, 3310978.321930086, 0.6495858725375454, -0.23562325971318646, 0.7228553615224617, -0.5740278673290443, 0.47142969451263794, 0.6695118002405862, 0.49852803504848703, 0.8498445284955677, -0.1709797521838224], [799241.785442125, -6032554.194712889, 3315051.385138186, 0.6699983777248828, -0.2114927889464162, 0.7115988856579895, -0.5963677908406375, 0.41750662755715323, 0.685590018884253, 0.44209459609215207, 0.8837188558413357, -0.15360127582998007], [804459.9684514051, -6029620.871953621, 3319120.472594943, 0.6895157824338107, -0.1869168114787948, 0.6997357296589127, -0.6140017402618438, 0.3615706753681903, 0.7016184929641026, 0.3841482119314337, 0.9134159798801376, -0.134541439599444], [809677.6218614305, -6026681.130722904, 3323185.5793887977, 0.7081143561602978, -0.1619251667018069, 0.6872803641806444, -0.6268155530745336, 0.3039643561157188, 0.7174314828853159, 0.32507894583247554, 0.9388215541836206, -0.11374431140368252], [814894.7403877164, -6023734.974386345, 3327246.7006129115, 0.7257714847955941, -0.13654819765641707, 0.674247982254588, -0.6347277839668463, 0.2450364606166366, 0.7328559020905873, 0.26528549172191024, 0.959849843822072, -0.09116954094766887], [820111.3187458154, -6020782.406316512, 3331303.8313651704, 0.7424656981399866, -0.11081671418567324, 0.6606544807557074, -0.6376903416535046, 0.18513964309877326, 0.7477127394361393, 0.20517240371779838, 0.9764440426416406, -0.06679308603673784], [825327.3516513563, -6017823.429892939, 3335356.966748191, 0.7581766960266455, -0.08476195552181287, 0.6465164410115476, -0.6356888898009408, 0.12462799937502778, 0.7618185460826126, 0.1451472803250789, 0.9885763868654238, -0.04060781139555139], [830542.8338200104, -6014858.04850211, 3339406.101869327, 0.772885373023761, -0.0584155523533193, 0.631851108576363, -0.6287430089892774, 0.06385464967760635, 0.7749869756077582, 0.08561792343330649, 0.9962480649706714, -0.012623954576981816], [835757.7599675397, -6011886.26553746, 3343451.2318406748, 0.7865738416849208, -0.03180948841796821, 0.6166763721950212, -0.616906118363671, 0.003169343329427421, 0.787030365607534, 0.026989492446013952, 0.9994889252560268, 0.017130545468816732], [840972.1248097571, -6008908.084399378, 3347492.3517790805, 0.7992254543194297, -0.004976061668522602, 0.6010107419823478, -0.6002651573582363, -0.05708389776687861, 0.7977613486986145, -0.030338326084228096, 0.9983569839621556, 0.04860986056753744], [846185.9230625714, -6005923.508495187, 3351529.4568061447, 0.8108248232560752, 0.02205215494179652, 0.5848733268445208, -0.5789400296041987, -0.11656908016093334, 0.8069944805711646, -0.08597411304366054, 0.9929377382358157, 0.08175022858377196], [851399.1494419742, -6002932.541239158, 3355562.5420482294, 0.8213578395756735, 0.049242353006430706, 0.5682838111700633, -0.5530828128475651, -0.17496046818488847, 0.8145478725680585, -0.1395374555458404, 0.9833432896211347, 0.11647005304745894], [856611.7986640316, -5999935.186052493, 3359591.602636464, 0.830811690289593, 0.07656152849719167, 0.5512624308188647, -0.5228767403880135, -0.23194472591478804, 0.8202448161869237, -0.19066161029257023, 0.9697112851124751, 0.15267014733128584], [861823.8654449278, -5996931.446363327, 3363616.6337067513, 0.8391748739433342, 0.1039765218322024, 0.5338299484385143, -0.4885349611976709, -0.2872229567636465, 0.8239153869151484, -0.23899607241496557, 0.9522036841010573, 0.190234122477001], [867035.3445009241, -5993921.325606724, 3367637.6303997724, 0.846437214626172, 0.13145405813141114, 0.5160076281380653, -0.45029908747406644, -0.3405126264822473, 0.8253980149153409, -0.2842090313763998, 0.9310053607831406, 0.22902891668333802], [872246.2305484054, -5990904.82722467, 3371654.5878609945, 0.8525898743697837, 0.1589607876108306, 0.4978172095501128, -0.40843753991417087, -0.39154935622087894, 0.8245410102789767, -0.3259896963263972, 0.9063225527620726, 0.2689054633953421], [877456.5183038653, -5987881.954666071, 3375667.501240676, 0.8576253639207693, 0.18646332606644833, 0.4792808813128323, -0.3632437024550758, -0.4400885732777564, 0.8212040308577868, -0.36405047422918724, 0.8783811676616173, 0.30969949388224327], [882666.202483896, -5984852.711386755, 3379676.365693872, 0.8615375518739214, 0.21392829539866826, 0.4604212540043197, -0.31503389960081646, -0.4859070082206443, 0.8152594810637689, -0.3981289851460113, 0.847424960565762, 0.3512324691663974], [887875.2778052535, -5981817.100849448, 3383681.176380441, 0.8643216721551112, 0.24132236412810837, 0.4412613325622511, -0.2641452107342479, -0.5288040282094125, 0.8065938304968983, -0.4279899002186297, 0.8137135960036062, 0.3933126351768119], [893083.7389847607, -5978775.126523799, 3387681.928465052, 0.8659743298446627, 0.268612287853535, 0.4218244882225033, -0.21093313698844274, -0.568602797560526, 0.7951088418113322, -0.45342658917436907, 0.7775206090004514, 0.4357361940546882], [898291.5807394402, -5975726.791886351, 3391678.617117187, 0.8664935053340894, 0.2957649496028885, 0.4021344300109647, -0.1557691373151798, -0.6051512578710001, 0.7807226978621995, -0.47426256554141744, 0.7391312804120438, 0.47828858364226684], [903498.797786388, -5972672.100420555, 3395671.237511151, 0.8658785568111159, 0.32274740002834473, 0.38221517582330966, -0.09903805133124147, -0.6383229213496948, 0.7633710188814495, -0.4903527192166983, 0.6988404423432687, 0.5207458563466971], [908705.3848428959, -5969611.055616748, 3399659.7848260757, 0.8641302210699124, 0.34952689739671133, 0.36209102312801517, -0.04113542733928388, -0.6680174723784206, 0.7430077612076205, -0.5015843275574691, 0.6569502299210914, 0.562876147793941], [913911.3366263864, -5966543.660972167, 3403644.2542459257, 0.8612506126455404, 0.3760709473265501, 0.3417865193283555, 0.0175352253965681, -0.6941611737339748, 0.7196059899351601, -0.5078778377601967, 0.6137677960411262, 0.6044412249796052], [919116.6478544233, -5963469.919990933, 3407624.640959505, 0.857243221273603, 0.4023473422238416, 0.32132643181952536, 0.07656524049480706, -0.7167070753348002, 0.6931585187480639, -0.5091874149352373, 0.569603005935229, 0.6451981029894016], [924321.3132447458, -5960389.836184051, 3411600.9401604626, 0.8521129076781648, 0.4283242003683246, 0.30073571777741764, 0.13554363439094658, -0.7356350248219244, 0.6636784111535796, -0.5055012519711071, 0.5247661285125802, 0.6849007188064278], [929525.3275152626, -5957303.4130694065, 3415573.1470472985, 0.8458658976930254, 0.4539700046030677, 0.2800394937159095, 0.1940599620737819, -0.7509514807327093, 0.6311993383276583, -0.4968416389956608, 0.4795655414080979, 0.7233016502497858], [934728.6853840337, -5954210.654171762, 3419541.2568233693, 0.8385097747234473, 0.47925364058032427, 0.2592630048497844, 0.2517071682225534, -0.7626891304671266, 0.5957757898175133, -0.48326479197083777, 0.43430546652995755, 0.7601538677028349], [939931.3815693163, -5951111.56302275, 3423505.264696895, 0.8300534705574696, 0.5041444345172738, 0.23843159430066832, 0.3080844133788938, -0.7709063166693556, 0.5574831344106028, -0.46486044169028096, 0.38928375263366133, 0.7952125059925625], [945133.41078953, -5948006.143160869, 3427465.165880965, 0.8205072545379474, 0.528612190415813, 0.21757067218353776, 0.3627998549693823, -0.7756862770420503, 0.5164175295657951, -0.4417511861724826, 0.34478972106552125, 0.8282366435764387], [950334.7677633023, -5944894.398131484, 3431420.9555935427, 0.8098827211084292, 0.5526272267012582, 0.19670568461151006, 0.41547336332231377, -0.7771362039665474, 0.4726956789035732, -0.4140916111437799, 0.3011020903164596, 0.858991076081357], [955535.4472094305, -5941776.331486819, 3435372.6290574716, 0.7981927757479919, 0.5761604122354782, 0.17586208265672282, 0.4657391532934093, -0.7753861316097543, 0.42645443835983105, -0.3820671849730807, 0.2584869944115268, 0.8872480712218207], [960735.4438469269, -5938651.946785951, 3439320.181500484, 0.7854516193120807, 0.5991832016607898, 0.15506529130516422, 0.5132483127264041, -0.770587659447906, 0.37785027271407035, -0.3458929360416735, 0.21719610943597395, 0.9127890922016691], [965934.7523950054, -5935521.247594809, 3443263.6081552007, 0.7716747307983659, 0.6216676700317114, 0.1343406784433242, 0.5576712097211168, -0.7629125223198248, 0.3270585652995332, -0.30581192209502817, 0.17746490167057288, 0.9354064768749456], [971133.3675730752, -5932384.237486171, 3447202.9042591457, 0.7568788485585249, 0.6435865466925711, 0.11371352391449469, 0.5986997615584988, -0.7525510182291341, 0.2742727847820308, -0.262093502617898, 0.13951100988317894, 0.9549050602059125], [976331.2841007796, -5929240.920039654, 3451138.0650547445, 0.7410819499787542, 0.6649132483598736, 0.09320898868246486, 0.6360495491328024, -0.7397103061380466, 0.21970351394803903, -0.21503142668839328, 0.1035327733071909, 0.9711037279238897], [981528.4966979589, -5926091.298841718, 3455069.0857893326, 0.7243032296536855, 0.6856219113692805, 0.07285208414022576, 0.6694617618581481, -0.7246125869275208, 0.16357734646334798, -0.16494175009082618, 0.0697079157380292, 0.9838368897131451], [986725.0000846948, -5922935.377485655, 3458995.961715164, 0.7065630760801919, 0.7056874230481035, 0.052667641601120585, 0.6987049592423985, -0.7074931815329222, 0.10613565854368809, -0.11216059669142119, 0.03819239500412087, 0.9929558608083613], [991920.788981302, -5919773.159571589, 3462918.6880894117, 0.6878830468993934, 0.7250854521752427, 0.03268028200965656, 0.7235766366463269, -0.6885985209949226, 0.04763326341113594, -0.05704178019659243, 0.00911942582781284, 0.9983301414785465], [997115.85810831, -5916604.648706469, 3466837.2601741785, 0.6682858427169265, 0.743792478491631, 0.012914385908923465, 0.743904584161134, -0.6681840637868776, -0.01166304271211524, 4.5696587661509316e-05, -0.017401317206783503, 0.9998485845723298], [1002310.2021865157, -5913429.848504066, 3470751.6732364995, 0.647795279533253, 0.7617858212253966, -0.006605936298746007, 0.7595480290320559, -0.6465121562878849, -0.07147603350430942, 0.05872024700181698, -0.04128431120822845, 0.9974204420604725], [1007503.8159369373, -5910248.762584971, 3474661.9225483513, 0.6264362598175202, 0.7790436665971383, -0.02585687376159851, 0.7703985536193086, -0.6238498526615941, -0.13151969402102723, 0.1185903915463375, -0.06246860706782435, 0.9909762823417583], [1012696.6940808634, -5907061.394576587, 3478568.003386655, 0.6042347422600751, 0.7955450942719714, -0.04481494422289228, 0.7763807825086414, -0.600466710671657, -0.19150093975338783, 0.17925751531573395, -0.08091805951060019, 0.9804687709702277], [1017888.8313398383, -5903867.748113129, 3482469.911033281, 0.5812177102403945, 0.8112701027262555, -0.06345702266450737, 0.7774528340504517, -0.5766325801137879, -0.25112140167304936, 0.24031867203743013, -0.09662136396184301, 0.965873308408675], [1023080.2224356539, -5900667.826835614, 3486367.6407750607, 0.5574131390487249, 0.8261996334982549, -0.08176036951479959, 0.773606533306819, -0.5526154005705378, -0.31007926515210493, 0.30136941457429334, -0.10959190052012802, 0.9471885194086415], [1028270.8620903918, -5897461.634391861, 3490261.187903786, 0.5328499619012428, 0.8403155942933299, -0.09970265838628611, 0.7648673851074711, -0.5286790250980684, -0.368071150214488, 0.3620066315700644, -0.11986738676055438, 0.9244365896536615], [1033460.7450263866, -5894249.174436489, 3494150.547716217, 0.5075580347900382, 0.8536008809156405, -0.11726200330932973, 0.7512943076461973, -0.5050810862352212, -0.4247940202331837, 0.42183136988433634, -0.1275093425106254, 0.8976634463728667], [1038649.8659662707, -5891030.450630908, 3498035.7155140904, 0.48156810021060453, 0.8660393979997884, -0.1344169854286032, 0.7329791287760598, -0.48207092038559163, -0.4799471059369741, 0.480451622578421, -0.13260237113548465, 0.8669387807284952], [1043838.2196329412, -5887805.466643317, 3501916.686604122, 0.45491174981092114, 0.8776160785172579, -0.15114667912976582, 0.7100458488722745, -0.45988756616582066, -0.5332338314335743, 0.5374850624745002, -0.13525326322890907, 0.8323559108955221], [1049025.8007496013, -5884574.226148696, 3505793.456298015, 0.4276213860074895, 0.8883169020340259, -0.16743067756449065, 0.6826496758136256, -0.43875785174118775, -0.5843637288940937, 0.5925617017160202, -0.13558992992154192, 0.7940314858765273], [1054212.6040397503, -5881336.73282881, 3509666.0199124627, 0.3997301826149784, 0.8981289116972128, -0.18324911754269563, 0.6509758392743866, -0.418894585487198, -0.633054328577348, 0.6453264583043257, -0.13376017427877873, 0.7521050312219077], [1059398.6242271694, -5878092.990372199, 3513534.372769158, 0.37127204453730545, 0.9070402299301896, -0.1985827037616265, 0.6152381931071595, -0.4004948635281324, -0.679033011001542, 0.6954416112710878, -0.12993031045822748, 0.7067383389465312], [1064583.8560359695, -5874843.002474171, 3517398.510194797, 0.3422815665691272, 0.9150400728171463, -0.2134127323422289, 0.5756776161212837, -0.38373850681639265, -0.7220388082944306, 0.7425891269631546, -0.12428364142201959, 0.6581147050408331], [1069768.29419055, -5871586.772836808, 3521258.4275210854, 0.3127939913578188, 0.9221187631596779, -0.22772111364410402, 0.5325602230104206, -0.36878663943641754, -0.7618241420697331, 0.7864728398600526, -0.11701880704425244, 0.6064380190591651], [1074951.9334156448, -5868324.305168948, 3525114.1200847435, 0.28284516657700043, 0.9282677421896024, -0.24149039433121747, 0.48617539854619257, -0.3557804187511724, -0.7981564855851835, 0.8268204724076925, -0.10834801541079753, 0.5519317113231145], [1080134.7684363094, -5865055.603186191, 3528965.583227513, 0.2524715013636758, 0.9334795799238214, -0.254703778661444, 0.43683366942236707, -0.3448399268656364, -0.8308199384332883, 0.8633854795270546, -0.09849517097070809, 0.4948375642948799], [1085316.7939779104, -5861780.6706108935, 3532812.812296163, 0.22170992207191287, 0.9377479841486979, -0.2673451489739819, 0.3848644292969574, -0.3360632316686582, -0.8596167025961895, 0.8959487047352623, -0.08769391395913423, 0.435414395648254], [1090498.0047661716, -5858499.511172158, 3536655.802642494, 0.19059782739682513, 0.9410678080230952, -0.2793990853496433, 0.33061353362928464, -0.32952562444099553, -0.8843684493569013, 0.9243198361891669, -0.07618558616548887, 0.3739366214853166], [1095678.3955271302, -5855212.128605837, 3540494.549623346, 0.15917304292341794, 0.9434350562908815, -0.29085088442004264, 0.27444078183794174, -0.325279039692656, -0.9049175672959404, 0.9483386524183641, -0.06421713866285828, 0.31069270900887935], [1100857.9609871912, -5851918.526654521, 3544329.048600601, 0.12747377515550645, 0.9448468900954077, -0.3016865773027365, 0.21671730510703957, -0.323351661526482, -0.9211282824097878, 0.9678760490448899, -0.05203899754126745, 0.2459835287578302], [1106036.695873087, -5848618.709067544, 3548159.294941194, 0.09553856508060543, 0.945301630390154, -0.3118929466404388, 0.157822878836259, -0.3237477194274089, -0.9328876422599814, 0.9828348393795239, -0.039902903995430006, 0.18012061723899653], [1111214.5949119208, -5845312.679600965, 3551985.2840171126, 0.06340624132720069, 0.9447987599414536, -0.3214575427235276, 0.0981431792603341, -0.3264474749581193, -0.9401063569927299, 0.993150323428146, -0.028059745304614858, 0.11342436143972529], [1116391.652831158, -5842000.442017576, 3555807.011205407, 0.031115872971354597, 0.9433389239208994, -0.33036869867617635, 0.03806700415177203, -0.3314073994124327, -0.9427194910521354, 0.9987906215239206, -0.016757393307076818, 0.04622211727530928], [1121567.8643586098, -5838682.000086894, 3559624.4718881943, -0.0012932779499990055, 0.9409239290867637, -0.3386155446875869, -0.02201652223583961, -0.3385605410481159, -0.9406870004384273, 0.999756770510099, -0.006238566913497612, -0.021153725489449604], [1126743.2242224822, -5835357.3575851545, 3563437.6614526645, -0.03378180416136384, 0.9375567415554641, -0.3461880212709622, -0.08172073972945204, -0.347817079101436, -0.9339941114286625, 0.9960825821214196, 0.0032612649764117707, -0.08836771890842954], [1131917.7271513373, -5832026.518295308, 3567246.5752910855, -0.06631020104856739, 0.9332414831658269, -0.35307689153404864, -0.14066421809853652, -0.35906506038707336, -0.9226515377735816, 0.9878342649370015, 0.011515924091237362, -0.15508335987042232], [1137091.3678741332, -5828689.48600702, 3571051.2088008104, -0.09883891467802308, 0.9279834264406019, -0.35927375244627996, -0.1984734782094224, -0.37217131291926325, -0.9066955345028485, 0.9751098129917085, 0.01831049129630724, -0.2209651070095988], [1142264.1411202156, -5825346.264516656, 3574851.557384281, -0.13132838987698026, 0.9217889881513893, -0.36477104508877595, -0.25478564880575233, -0.38698252966325575, -0.886187787603767, 0.9580381658237587, 0.02344318788615002, -0.28568039793934585], [1147436.0416193095, -5821996.857627293, 3578647.6164490352, -0.16373911831632865, 0.9146657214948344, -0.3695620638746974, -0.3092510397332112, -0.403326514250147, -0.861215139977668, 0.93677814639162, 0.026727155201415276, -0.3489016532175226], [1152607.0641015554, -5818641.269148699, 3582439.381407711, -0.19603168653750752, 0.9066223068896229, -0.3736409647287071, -0.361535613050197, -0.4210135792721794, -0.8318891552153127, 0.9115171849009094, 0.027992118865259985, -0.41030825352624156], [1157777.20329748, -5815279.50289734, 3586226.847678056, -0.22816682386512804, 0.8976685414055019, -0.3770027722155611, -0.4113233342241416, -0.43983808662867724, -0.7983455218597768, 0.8824698381304794, 0.027085924790244242, -0.46958847672001336], [1162946.4539380325, -5811911.562696368, 3590010.010682928, -0.26010545014707787, 0.8878153268371862, -0.37964338560913463, -0.4583183865001851, -0.45958011832332357, -0.7607433019342247, 0.8498761153248473, 0.023875935058129738, -0.5264413816612891], [1168114.8107545779, -5808537.452375622, 3593788.8658503033, -0.291808723264058, 0.8770746564376789, -0.38155958389447914, -0.5022472325384288, -0.4800072651293135, -0.7192640285949009, 0.8139996231169213, 0.018250272814524293, -0.5805786261202747], [1173282.2684788834, -5805157.175771619, 3597563.4086132837, -0.3232380863507999, 0.8654596003271461, -0.38274902969680985, -0.54286050854061, -0.5008765196473308, -0.6741106588187191, 0.7751255432504486, 0.01011890644060448, -0.6317262064637996], [1178448.8218431652, -5801770.736727558, 3601333.634410099, -0.3543553146715628, 0.8529842895950979, -0.3832102721326297, -0.5799347373185733, -0.521936259488811, -0.6255063880425733, 0.7335584580762842, -0.0005854355431169078, -0.6796261073928588], [1183614.465580047, -5798378.139093305, 3605099.5386841153, -0.3851225620929021, 0.8396638991152148, -0.3829427485795141, -0.6132738480863936, -0.5429283056294284, -0.5736933346306757, 0.6896200398917547, -0.013906526129552621, -0.7240378506063772], [1188779.1944226115, -5794979.386725394, 3608861.1168838395, -0.41550240709723424, 0.8255146290937165, -0.3819467853623959, -0.6427104921756811, -0.5635900404002874, -0.518931102949993, 0.6436466211701093, -0.02986408401183993, -0.764739931965394], [1193943.0031043598, -5791574.483487023, 3612618.3644629237, -0.4454578982812245, 0.8105536853737116, -0.3802235973555143, -0.6681071453692038, -0.5836565691210849, -0.46149523467574183, 0.5959866635802248, -0.04845340492574582, -0.8015311375022269], [1199105.8863592588, -5788163.433248046, 3616371.276880174, -0.4749525992837087, 0.7947992585194732, -0.37777528650051273, -0.6893569891105393, -0.602862909034146, -0.40167555872288097, 0.5469981444192481, -0.0696451833781965, -0.8342317294577789], [1204267.8389217248, -5784746.239884972, 3620119.8495995533, -0.5039506330884984, 0.7782705017060628, -0.3746048392424939, -0.7063845644656668, -0.6209461889730831, -0.3397744509000853, 0.4970458796674124, -0.0933855265766452, -0.8626844944309888], [1209428.855526619, -5781322.907280963, 3623864.078090188, -0.5324167256482115, 0.7609875074411866, -0.3707161228871589, -0.7191461943744228, -0.6376478430967929, -0.2761050150047852, 0.44649880332070546, -0.11959616094364314, -0.8867556466810462], [1214588.9309092828, -5777893.439325819, 3627603.9578263746, -0.5603162487760904, 0.7429712831475597, -0.36611388088347496, -0.7276301714234752, -0.6527157820392772, -0.21098919761707952, 0.39572722296012763, -0.14817483016667743, -0.9063355806285782], [1219748.0598055113, -5774457.839915989, 3631339.4842875823, -0.5876152622536368, 0.7242437256354722, -0.3608037270376241, -0.7318567100855922, -0.6659065249682645, -0.14475584930282914, 0.3451000716738304, -0.17899588230554564, -0.9213394676493438], [1224906.236951584, -5771016.11295455, 3635070.652958462, -0.6142805551028787, 0.7048275944965597, -0.3547921386652931, -0.7318776640899881, -0.6769872763099404, -0.07773874529879765, 0.2949821764593276, -0.211911042068699, -0.9317076933355635], [1230063.457084263, -5767568.262351213, 3638797.4593288507, -0.6402796859730643, 0.6847464844511156, -0.34808644869065525, -0.7277760113029523, -0.6857379312812366, -0.010274579022759467, 0.24573156309721206, -0.24675036298649705, -0.937406132508121], [1235219.714940779, -5764114.292022321, 3642519.8988937763, -0.6655810225926787, 0.6640247966825467, -0.34069483670168316, -0.7196651101942811, -0.6919529948724954, 0.05729905807286367, 0.19769681720639073, -0.2833233528632734, -0.9384262603895821], [1240375.0052588726, -5760654.2058908325, 3646237.967153463, -0.6901537802388089, 0.6426877091937826, -0.33262631897270245, -0.707687733630892, -0.6954433995381865, 0.12464569670526993, 0.1512145207658764, -0.32142026459142004, -0.9347850994851854], [1245529.322776762, -5757188.007886327, 3649951.6596133388, -0.7139680591770574, 0.6207611462216732, -0.32389073746635577, -0.6920148873623525, -0.6960382075773357, 0.19143199644103331, 0.10660678282274463, -0.36081354316888353, -0.9265250028585845], [1250682.662233185, -5753715.701944998, 3653660.97178404, -0.7369948810264911, 0.5982717467465087, -0.31449874782839726, -0.6728444221319656, -0.6935861850132173, 0.2573297253811003, 0.06417888240418165, -0.4012594185856484, -0.9137132756229702], [1255835.0183673669, -5750237.29200965, 3657365.899181415, -0.7592062240053727, 0.575246832134928, -0.30446180638995357, -0.6503994498502363, -0.6879572347075807, 0.32201769958809495, 0.02421704081867873, -0.4424996331436091, -0.8964416375881687], [1260986.3859190622, -5746752.782029684, 3661066.4373265337, -0.7805750570148333, 0.5517143729555092, -0.29379215619311366, -0.6249265756939728, -0.679043677461667, 0.3851836692939365, -0.013013660426441975, -0.48426329075580843, -0.8748255311024367], [1266136.7596285385, -5743262.175961108, 3664762.5817456893, -0.8010753725190018, 0.5277029550073535, -0.2825028120568891, -0.5966939593336256, -0.6667613709569715, 0.4465261393181166, -0.04727120093994433, -0.52626881484284, -0.8490032791960279], [1271286.1342365742, -5739765.477766526, 3668454.3279704056, -0.8206822181816128, 0.5032417446029213, -0.2706075447017611, -0.5659892197339743, -0.6510506575653047, 0.5057561116078689, -0.07833836802891969, -0.5682260006131296, -0.8191351001646634], [1276434.5044844963, -5736262.691415126, 3672141.671537444, -0.83937172722061, 0.4783604531472775, -0.25812086395218314, -0.5331171991099191, -0.6318771333015452, 0.5625987383773774, 